 b3  47  40  4373  246.942  247.753  2 18  1  4.093  1.640 2047.710
 c4  48  38  3184  261.626  261.721  2 18  2  4.040  1.944 1937.180
c#4  49  36  4382  277.183  276.489  2 18  3  4.560  1.916 2188.750
 d4  50  34  5502  293.665  293.023  2 18  4  3.387  1.410 2181.910
d#4  51  31  4541  311.127  312.766  2 18  5  4.453  1.618 2147.380
 e4  52  30  5304  329.628  327.881  2 18  6  3.667  1.054 2267.630
 f4  53  28  4326  349.228  350.000  2 18  7  3.773  1.937 2041.710
f#4  54  27  6674  369.994  367.500  2 18  8  2.467  1.708 2114.770
 g4  55  25  3563  391.995  392.000  2 18  9  3.880  2.276 1755.520
g#4  56  24  4592  415.305  414.085  2 18 10  2.320  1.629 2159.460
 a4  57  22  3927  440.000  436.634  2 18 11  4.293  2.728 1930.230
a#4  58  20  5667  466.164  492.737  2 18 12  4.427  2.120 2096.830
 b4  59  19  4579  493.883  521.893  2 18 13  4.280  2.588 2303.320
 c5  60  18  3486  523.251  551.250  2 18 14  4.160  0.961 2406.140
c#5  61  17  5820  554.365  588.000  2 18 15  4.160  0.989 2384.930
 d5  62  16  4613  587.330  616.783  2 18 16  1.653  0.761 2226.170
d#5  63  15  3749  622.254  658.209  2 18 17  4.040  2.003 2216.880
 e5  64  14  4301  659.255  700.000  2 18 18  5.800  1.332 2168.930
 f5  65  13  7966  698.456  735.000  2 18 19  4.213  0.571 2558.750
f#5  66  12  4600  739.989  780.531  2 18 20  4.413  0.908 2140.910
 g5  67  12  5868  783.991  824.299  2 18 21  4.213  1.046 2318.440
g#5  68  11  5165  830.609  882.000  2 18 22  4.027  0.719 2221.620
 a5  69  11  4537  880.000  890.909  2 18 23  3.547  1.093 1843.830
a#5  70  10  5022  932.328  991.011  2 18 24  3.787  2.714 2176.030
 b5  71   9  2501  987.767 1037.650  2 18 25  4.067  3.512 2008.280
 c6  72   9  5434 1046.500 1102.500  2 18 26  5.667  1.017 2269.220
c#6  73   8  4153 1108.730 1176.000  2 18 27  3.453  0.577 2185.870
 d6  74   8  3794 1174.660 1242.250  2 18 28  4.267  3.322 2150.360
d#6  75   7  3572 1244.510 1316.420  2 18 29  3.387  0.501 2628.590
 e6  76   7  4317 1318.510 1400.000  2 18 30  3.880  0.726 2269.290
 f6  77   6  6090 1396.910 1494.920  2 18 31  2.413  0.539 2657.800
f#6  78   6  2418 1479.980 1547.370  2 18 32  3.640  0.247 2230.820
