 d2  26 136  7150   73.416   73.439  2 19  1  2.333  0.402  776.736
d#2  27 129  8725   77.782   77.031  2 19  2  1.667  0.714  881.235
 e2  28 121  7002   82.407   82.353  2 19  3  1.973  0.570  820.301
 f2  29 115  3656   87.307   86.641  2 19  4  2.307  0.630  737.600
f#2  30 107  3882   92.499   92.842  2 19  5  2.427  0.784  717.320
 g2  31 102  4306   97.999   97.783  2 19  6  2.453  1.347  746.219
g#2  32  96  4515  103.826  103.765  2 19  7  2.773  0.482  719.783
 a2  33  90  4272  110.000  110.112  2 19  8  2.493  0.991  734.180
a#2  34  86  3673  116.541  116.206  2 19  9  2.240  0.515  731.310
 b2  35  80  4516  123.471  124.051  2 19 10  2.200  0.644  743.074
 c3  36  76  4116  130.813  130.473  2 19 11  2.627  1.143  726.488
c#3  37  72  4546  138.591  138.462  2 19 12  1.987  0.621  732.792
 d3  38  68  4374  146.832  146.755  2 19 13  2.160  0.960  700.705
d#3  39  64  2271  155.563  155.009  2 19 14  2.067  1.228  601.016
 e3  40  60  4205  164.814  166.415  2 19 15  2.200  0.197  683.669
 f3  41  57  4125  174.614  174.308  2 19 16  2.480  1.529  654.069
f#3  42  54  3614  184.997  184.906  2 19 17  2.680  1.527  604.483
 g3  43  51  5233  195.998  195.133  2 19 18  1.880  1.120  663.450
g#3  44  48  3917  207.652  207.042  2 19 19  1.960  0.903  645.310
 a3  45  45  6043  220.000  218.859  2 19 20  2.040  0.955  729.251
a#3  46  42  5835  233.082  232.718  2 19 21  2.067  1.032  747.269
 b3  47  40  4719  246.942  245.682  2 19 22  2.160  1.235  670.719
 c4  48  38  5182  261.626  260.947  2 19 23  2.213  1.382  687.756
c#4  49  35  5778  277.183  278.233  2 19 24  2.053  1.035  755.052
 d4  50  34  4463  293.665  293.023  2 19 25  2.093  0.933  725.402
d#4  51  32  5048  311.127  310.563  2 19 26  2.173  1.184  769.181
 e4  52  30  3902  329.628  330.337  2 19 27  1.747  0.849  671.536
 f4  53  28  4713  349.228  348.617  2 19 28  1.613  0.806  766.497
f#4  54  27  5145  369.994  369.038  2 19 29  2.027  0.920  783.822
 g4  55  25  3932  391.995  392.000  2 19 30  1.613  0.579  648.989
g#4  56  24  3252  415.305  414.085  2 19 31  1.813  0.749  620.981
 a4  57  22  3514  440.000  438.806  2 19 32  2.027  0.477  649.952
a#4  58  21  6314  466.164  466.667  2 19 33  1.547  0.542  676.146
 b4  59  20  4351  493.883  492.737  2 19 34  1.893  0.515  676.127
 c5  60  19  3839  523.251  521.893  2 19 35  2.027  0.725  660.698
c#5  61  17  4549  554.365  558.228  2 19 36  2.307  0.841  750.870
 d5  62  16  3233  587.330  591.946  2 19 37  2.387  0.530  702.694
