a#0  10 340  2916   29.135   29.380  2 15  1  4.293  2.403  444.398
 b0  11 324  4859   30.868   30.818  2 15  2  3.853  2.284  444.390
 c1  12 306  5061   32.703   32.667  2 15  3  4.347  2.278  480.181
c#1  13 289  6273   34.648   34.507  2 15  4  4.227  2.540  481.109
 d1  14 272  3106   36.708   36.750  2 15  5  4.053  2.561  396.520
d#1  15 257  2869   38.891   38.820  2 15  6  3.760  2.713  397.736
 e1  16 243  5008   41.203   41.100  2 15  7  4.000  2.366  521.919
 f1  17 229  1975   43.654   43.620  2 15  8  3.733  1.936  515.277
f#1  18 216  4515   46.249   46.275  2 15  9  5.427  3.330  631.038
 g1  19 203  2501   48.999   49.109  2 15 10  4.933  3.255  732.876
g#1  20 192  3315   51.913   51.821  2 15 11  4.640  3.024  625.589
 a1  21 181  2874   55.000   54.953  2 15 12  3.587  1.682  577.579
a#1  22 172  5874   58.270   58.103  2 15 13  4.320  3.329  518.889
 b1  23 162  5975   61.735   61.592  2 15 14  5.147  3.045  605.394
 c2  24 152  5407   65.406   65.382  2 15 15  5.627  3.432  724.615
c#2  25 144  6059   69.296   69.122  2 15 16  4.893  2.230  719.632
 d2  26 134  6298   73.416   74.118  2 15 17  4.387  0.279  722.910
d#2  27 128  7615   77.782   77.778  2 15 18  4.173  2.655  638.429
 e2  28 121  5735   82.407   82.353  2 15 19  4.387  2.415  606.945
 f2  29 114  5861   87.307   87.240  2 15 20  4.680  2.800  699.540
f#2  30 108  3401   92.499   92.259  2 15 21  4.307  2.308  570.013
 g2  31 102  2881   97.999   97.891  2 15 22  4.453  2.735  620.143
g#2  32  96  4064  103.826  103.521  2 15 23  4.640  3.097  612.816
 a2  33  91  5714  110.000  109.565  2 15 24  7.200  3.114  449.717
a#2  34  86  6918  116.541  116.206  2 15 25  5.147  2.394  501.407
 b2  35  80  5498  123.471  123.529  2 15 26  4.600  1.093  589.650
 c3  36  76  4216  130.813  131.055  2 15 27  4.427  1.525  657.291
c#3  37  72  5689  138.591  138.245  2 15 28  5.320  4.109  705.547
 d3  38  68  4774  146.832  146.755  2 15 29  4.520  1.662  752.792
d#3  39  64  4796  155.563  155.282  2 15 30  5.467  4.596  834.646
 e3  40  60  7682  164.814  164.860  2 15 31  4.813  1.095  567.492
 f3  41  57  7086  174.614  174.308  2 15 32  5.307  1.349  707.821
