 d5  62  16   972  587.330  595.946  2  3  1  2.680  0.258 1486.090
d#5  63  15  1810  622.254  625.532  2  3  2  3.053  1.202 1669.080
 e5  64  15  2123  659.255  663.158  2  3  3  2.947  2.281 1924.740
 f5  65  14  3792  698.456  711.290  2  3  4  2.893  1.134 2189.580
f#5  66  13  2854  739.989  753.846  2  3  5  2.360  1.801 2460.690
 g5  67  12  4450  783.991  787.500  2  3  6  2.893  2.456 2092.340
g#5  68  12  6316  830.609  824.299  2  3  7  3.773  1.378 2031.060
 a5  69  11  4332  880.000  890.909  2  3  8  3.173  2.564 2302.940
a#5  70  10  6047  932.328  958.696  2  3  9  3.800  2.528 2409.730
 b5  71  10  3979  987.767  980.000  2  3 10  3.373  0.409 1916.490
 c6  72   9  5733 1046.500 1075.610  2  3 11  3.600  1.011 2046.240
c#6  73   8  7942 1108.730 1130.770  2  3 12  3.307  2.053 1843.970
 d6  74   8  6667 1174.660 1208.220  2  3 13  2.933  0.560 2322.810
d#6  75   7  7033 1244.510 1278.260  2  3 14  3.400  1.039 1958.030
 e6  76   7  7109 1318.510 1356.920  2  3 15  3.480  2.153 2059.450
 f6  77   6  7248 1396.910 1445.900  2  3 16  2.920  0.742 1925.390
f#6  78   6  6244 1479.980 1547.370  2  3 17  3.680  1.562 2246.330
 g6  79   6  7684 1567.980 1603.640  2  3 18  3.640  1.781 1982.140
g#6  80   5  6537 1661.220 1696.150  2  3 19  3.347  1.522 2270.320
 a6  81   5  6365 1760.000 1764.000  2  3 20  2.987  0.817 2155.420
a#6  82   5  6475 1864.660 1876.600  2  3 21  3.400  1.396 2321.780
 b6  83   4  5270 1975.530 2004.550  2  3 22  3.453  2.289 2354.020
 c7  84   4  2603 2093.000 2151.220  2  3 23  3.733  0.832 2753.430
c#7  85   4  3853 2217.460 2205.000  2  3 24  3.267  2.341 2652.230
 d7  86   4  4120 2349.320 2383.780  2  3 25  3.307  2.214 3060.920
d#7  87   3  4099 2489.020 2520.000  2  3 26  3.440  2.516 2931.940
 e7  88   3  3690 2637.020 2756.250  2  3 27  3.227  0.164 3243.820
 f7  89   3  4620 2793.830 2845.160  2  3 28  3.053  2.169 3410.600
f#7  90   3  2645 2959.960 3041.380  2  3 29  3.280  0.269 3267.660
 g7  91   3  3147 3135.960 3150.000  2  3 30  2.600  2.116 3520.850
