 c2  24 152  3590   65.406   65.723  1 15  1  1.000  0.375  429.633
c#2  25 142  6100   69.296   70.111  1 15  2  0.853  0.209  526.773
 d2  26 135  3782   73.416   73.623  1 15  3  0.693  0.211  664.432
d#2  27 128  3572   77.782   77.573  1 15  4  0.787  0.283  434.420
 e2  28 121  5497   82.407   82.199  1 15  5  0.813  0.188  456.827
 f2  29 114  2078   87.307   87.413  1 15  6  0.827  0.155  942.812
f#2  30 110  3493   92.499   90.184  1 15  7  0.933  0.232  686.194
 g2  31 101  3061   97.999   98.328  1 15  8  0.893  0.158  782.130
g#2  32  96  4861  103.826  103.400  1 15 10  1.040  0.270  500.147
 a2  33  90  2805  110.000  110.804  1 15 11  1.107  0.382  562.376
a#2  34  85  2508  116.541  116.667  1 15 12  1.053  0.180  789.658
 b2  35  81  3056  123.471  122.670  1 15 13  1.053  0.097  983.122
 c3  36  75  1970  130.813  132.234  1 15 14  1.347  0.164 1125.780
c#3  37  70  1509  138.591  140.895  1 15 15  1.093  0.386  822.904
 d3  38  67  2520  146.832  147.245  1 15 16  1.320  0.266  662.800
d#3  39  64  2945  155.563  155.830  1 15 17  1.453  0.399  492.890
 e3  40  60  4092  164.814  164.552  1 15 18  1.693  0.288  712.206
 f3  41  58  2059  174.614  170.270  1 15 19  1.387  0.238 1015.020
f#3  42  53  2313  184.997  185.684  1 15 20  1.160  0.311 1088.030
 g3  43  51  2747  195.998  193.846  1 15 21  1.387  0.122  961.892
g#3  44  47  6853  207.652  208.511  1 15 22  1.067  0.258  614.580
 a3  45  46  3290  220.000  216.176  1 15 23  1.507  0.218  910.633
a#3  46  42  2983  233.082  232.718  1 15 24  1.307  0.120 1317.140
 b3  47  40  3186  246.942  247.059  1 15 25  1.467  0.152 1675.750
 c4  48  38  3260  261.626  258.651  1 15 26  1.213  0.094 1795.560
c#4  49  35  4794  277.183  278.233  1 15 27  1.200  0.179 1126.110
 d4  50  32  2829  293.665  304.138  1 15 28  1.560  0.140 1263.710
d#4  51  32  2782  311.127  308.392  1 15 29  1.213  0.209 1623.890
 e4  52  30  4847  329.628  331.579  1 15 30  1.320  0.088 1714.010
 f4  53  28  6280  349.228  345.882  1 15 31  1.213  0.225 1418.200
f#4  54  26  3627  369.994  370.588  1 15 32  1.400  0.253 1390.310
 g4  55  27  3264  391.995  369.038  1 15 33  1.480  0.124 1255.780
g#4  56  23  3256  415.305  420.000  1 15 34  1.147  0.308 1559.690
 a4  57  22  2690  440.000  443.216  1 15 35  1.467  0.101 1965.840
a#4  58  21  3241  466.164  466.667  1 15 36  1.453  0.192 1683.520
 b4  59  20  4076  493.883  498.305  1 15 37  1.920  0.082 2064.210
 c5  60  19  3121  523.251  506.897  1 15 38  1.080  0.148 1538.700
c#5  61  18  5121  554.365  554.717  1 15 39  1.227  0.161 1886.430
 d5  62  17  3303  587.330  588.000  1 15 40  1.547  0.140 2330.350
d#5  63  15  2744  622.254  630.000  1 15 41  1.413  0.179 2201.500
 e5  64  15  4620  659.255  658.209  1 15 42  1.453  0.061 2050.210
 f5  65  15  3873  698.456  648.529  1 15 43  1.613  0.082 1378.690
f#5  66  13  3595  739.989  753.846  1 15 44  1.467  0.084 2316.740
 g5  67  12  3267  783.991  780.531  1 15 45  1.600  0.099 2402.490
