 e2  28 121  9186   82.407   82.276  2 22  1  1.707  0.419 1225.570
 f2  29 114 11371   87.307   87.327  2 22  2  1.467  0.693 1507.140
f#2  30 108  8637   92.499   92.067  2 22  3  1.973  1.135 1210.840
 g2  31 102  8418   97.999   98.000  2 22  4  2.080  0.913 1151.520
g#2  32  96  9612  103.826  103.643  2 22  5  1.867  0.944 1214.050
 a2  33  91  7950  110.000  109.838  2 22  6  1.413  0.523 1034.160
a#2  34  86  7767  116.541  116.206  2 22  7  2.000  1.064 1028.930
 b2  35  81  4898  123.471  123.013  2 22  8  1.947  0.911  955.707
 c3  36  76  6340  130.813  130.473  2 22  9  1.493  0.871 1061.510
c#3  37  72  5394  138.591  138.245  2 22 10  1.587  0.541  954.522
 d3  38  68  4562  146.832  146.755  2 22 11  1.880  0.773  915.495
d#3  39  64  6316  155.563  155.009  2 22 12  1.787  0.633  927.378
 e3  40  60  5075  164.814  164.552  2 22 13  2.053  0.758  864.144
 f3  41  57  5761  174.614  173.964  2 22 14  2.653  1.206  934.524
f#3  42  54  5117  184.997  184.906  2 22 15  2.080  0.846  871.873
 g3  43  51  5650  195.998  195.565  2 22 16  2.160  1.115  878.140
g#3  44  48  5005  207.652  206.557  2 22 17  2.427  0.778  831.816
 a3  45  45  4566  220.000  220.500  2 22 18  2.253  0.580  847.867
a#3  46  42  6356  233.082  232.718  2 22 19  2.907  1.523  870.822
 b3  47  40  5286  246.942  247.059  2 22 20  2.653  1.346  894.404
 c4  48  38  5142  261.626  260.947  2 22 21  2.267  1.718  901.876
c#4  49  35  4864  277.183  278.233  2 22 22  2.160  0.963  870.427
 d4  50  34  4519  293.665  292.053  2 22 23  2.827  1.301  895.694
d#4  51  32  3551  311.127  310.563  2 22 24  3.627  0.498  857.826
 e4  52  30  2626  329.628  330.337  2 22 25  3.907  1.441  804.565
 f4  53  28  4465  349.228  348.617  2 22 26  3.080  1.362  923.808
f#4  54  27  3097  369.994  367.500  2 22 27  3.467  1.922  932.701
 g4  55  25  3150  391.995  392.000  2 22 28  3.080  1.300  854.834
g#4  56  24  3602  415.305  414.085  2 22 29  2.827  1.277  869.754
 a4  57  22  4026  440.000  438.806  2 22 30  2.693  1.505  907.068
a#4  58  21  6169  466.164  464.211  2 22 31  2.013  0.902  955.811
 b4  59  20  5081  493.883  492.737  2 22 32  2.000  0.912  944.266
 c5  60  19  5963  523.251  521.893  2 22 33  1.987  0.549 1078.920
c#5  61  18  5967  554.365  554.717  2 22 34  2.187  1.829 1042.240
 d5  62  17  4414  587.330  588.000  2 22 35  3.000  1.205  928.040
d#5  63  16  4604  622.254  621.127  2 22 36  1.587  0.679 1051.170
