a#1  22 171  3791   58.270   58.141  2 14  1  4.707  2.205  613.824
 b1  23 161  5742   61.735   61.765  2 14  2  4.707  3.094  855.958
 c2  24 152  6585   65.406   65.576  2 14  3  4.387  3.142  681.546
c#2  25 143  6662   69.296   69.449  2 14  4  4.827  3.680  650.318
 d2  26 136  7702   73.416   73.195  2 14  5  9.013  4.093  477.010
d#2  27 128  9462   77.782   77.573  2 14  6  5.907  3.632  582.141
 e2  28 121  5667   82.407   82.353  2 14  7  6.227  3.786  579.901
 f2  29 114  6067   87.307   87.154  2 14  8  6.107  4.244  514.426
f#2  30 108  7592   92.499   92.356  2 14  9  5.613  3.362  596.786
 g2  31 102  7158   97.999   97.783  2 14 10  6.173  3.077  582.632
g#2  32  96  6398  103.826  104.009  2 14 11  5.133  2.273  745.874
 a2  33  91  6255  110.000  109.701  2 14 12  5.187  1.882  592.159
a#2  34  85  5407  116.541  116.513  2 14 13  4.200  2.935  563.220
 b2  35  81  4090  123.471  123.357  2 14 14  4.520  2.576  683.687
 c3  36  76  3855  130.813  130.667  2 14 15  5.293  3.792  596.085
c#3  37  72  5558  138.591  138.462  2 14 16  4.587  2.518  597.257
 d3  38  68  4684  146.832  146.755  2 14 17  4.760  3.198  581.926
d#3  39  64  6230  155.563  155.282  2 14 18  5.000  3.510  581.565
 e3  40  60  6903  164.814  164.860  2 14 19  5.240  3.956  603.194
 f3  41  57  6198  174.614  175.000  2 14 20  5.440  3.522  679.875
f#3  42  54  5965  184.997  184.906  2 14 21  5.493  4.314  634.318
 g3  43  51  4946  195.998  196.000  2 14 22  5.187  3.844  545.985
g#3  44  48  4006  207.652  207.042  2 14 23  4.827  1.700  664.268
 a3  45  45  5075  220.000  219.950  2 14 24  5.293  3.191  593.867
a#3  46  42  4503  233.082  232.718  2 14 25  4.387  3.196  562.047
 b3  47  40  5146  246.942  246.369  2 14 26  5.093  3.877  622.509
 c4  48  38  4409  261.626  260.947  2 14 27  5.573  4.571  611.820
c#4  49  36  4305  277.183  277.358  2 14 28  4.320  2.729  603.507
 d4  50  34  3941  293.665  293.023  2 14 29  3.840  3.039  582.901
d#4  51  32  2574  311.127  310.563  2 14 30  4.640  3.026  774.113
 e4  52  30  3762  329.628  329.104  2 14 31  4.427  3.170  742.096
 f4  53  28  4828  349.228  350.000  2 14 32  5.040  2.171  778.246
