 c1  12 311  4585   32.703   32.084  1 20  1  0.893  0.092  541.734
c#1  13 288 19315   34.648   34.711  1 20  2  1.293  0.606  256.314
 d1  14 272  5662   36.708   36.750  1 20  3  1.480  0.572  283.201
d#1  15 258  5861   38.891   38.718  1 20  4  1.360  0.321  280.338
 e1  16 242 15925   41.203   41.196  1 20  5  1.200  0.546  244.320
 f1  17 229 16003   43.654   43.620  1 20  6  1.027  0.332  252.665
f#1  18 222 19074   46.249   44.863  1 20  7  0.560  0.119  183.776
 g1  19 229 12545   48.999   43.513  1 20  8  0.827  0.163  236.015
g#1  20 193 12184   51.913   51.700  1 20  9  0.960  0.193  259.057
 a1  21 183  9425   55.000   54.613  1 20 10  1.187  0.409  241.469
a#1  22 166 17247   58.270   60.123  1 20 11  0.827  0.266  203.164
 b1  23 163 15633   61.735   61.165  1 20 12  1.000  0.292  165.305
 c2  24 154  9675   65.406   64.710  1 20 13  0.893  0.321  179.926
c#2  25 154  8482   69.296   64.663  1 20 14  0.853  0.332  193.709
 d2  26 138  9192   73.416   72.354  1 20 15  0.720  0.238  327.793
d#2  27 135 11101   77.782   74.055  1 20 16  1.040  0.264  247.249
 e2  28 121 13370   82.407   82.584  1 20 17  0.827  0.279  223.935
 f2  29 115 19925   87.307   86.726  1 20 18  0.947  0.550  193.401
f#2  30 110 23846   92.499   90.647  1 20 19  0.787  0.405  174.634
 g2  31 101 27011   97.999   98.109  1 20 20  0.573  0.107  201.056
g#2  32  96  9192  103.826  103.521  1 20 21  0.893  0.429  325.605
 a2  33  88 10242  110.000  113.077  1 20 22  1.120  0.486  334.353
a#2  34  82 12667  116.541  121.488  1 20 23  1.360  0.515  292.883
 b2  35  81 11679  123.471  122.161  1 20 24  0.453  0.105  246.846
 c3  36  75  3468  130.813  132.432  1 20 25  1.013  0.000  720.528
c#3  37  72  5812  138.591  138.679  1 20 26  0.867  0.083  418.003
 d3  38  68  4415  146.832  145.785  1 20 27  1.173  0.439  765.687
d#3  39  63  5916  155.563  156.940  1 20 28  0.813  0.260  446.152
 e3  40  59  3776  164.814  167.045  1 20 29  0.947  0.531  547.542
 f3  41  56  6169  174.614  176.400  1 20 30  1.173  0.556  648.438
f#3  42  54  5280  184.997  184.134  1 20 31  1.013  0.543  565.142
 g3  43  50  4368  195.998  197.758  1 20 32  0.960  0.533 1153.460
g#3  44  47  6284  207.652  209.501  1 20 33  0.747  0.120  670.093
 a3  45  45  9840  220.000  218.859  1 20 34  1.387  0.561  477.930
 b3  47  43 11534  246.942  230.287  1 20 35  1.000  0.575  407.031
 c4  48  42  6126  261.626  234.574  1 20 36  0.947  0.522  729.490
c#4  49  38  4412  277.183  260.947  1 20 37  0.973  0.577  655.663
