 c3  36  78  1507  130.813  127.641  2  6  1  4.040  3.623  366.898
c#3  37  74  2690  138.591  134.862  2  6  2  4.800  3.900  494.390
 d3  38  69  3125  146.832  144.118  2  6  3  5.640  4.005  469.499
d#3  39  64  3739  155.563  154.196  2  6  4  4.573  3.597  559.190
 e3  40  62  3053  164.814  161.243  2  6  5  4.427  4.247  461.853
 f3  41  56  3742  174.614  176.048  2  6  6  5.333  2.425  408.139
f#3  42  54  4767  184.997  182.609  2  6  7  5.507  4.689  471.523
 g3  43  50  5597  195.998  196.875  2  6  8  5.227  2.107  564.845
g#3  44  48  5057  207.652  205.116  2  6  9  5.747  3.438  520.596
 a3  45  45  4509  220.000  218.859  2  6 10  5.573  4.502  613.492
a#3  46  43  6008  233.082  231.496  2  6 11  5.600  4.576  619.878
 b3  47  41  6303  246.942  242.975  2  6 12  5.600  0.433  440.798
 c4  48  38  6268  261.626  257.143  2  6 13  5.107  0.992  422.180
c#4  49  37  6490  277.183  266.465  2  6 14  4.080  0.354  430.446
 d4  50  34  4582  293.665  291.089  2  6 15  4.667  2.591  709.792
d#4  51  32  4164  311.127  305.190  2  6 16  4.027  3.642  572.740
 e4  52  30  5868  329.628  325.461  2  6 17  3.773  1.251  735.221
 f4  53  29  5366  349.228  343.191  2  6 18  4.027  1.698  713.270
f#4  54  27  4587  369.994  364.463  2  6 19  4.333  0.380  678.967
 g4  55  25  3727  391.995  386.842  2  6 20  4.387  0.756  587.455
g#4  56  24  5640  415.305  410.233  2  6 21  4.093  3.318  716.381
 a4  57  22  4262  440.000  443.216  2  6 22  5.987  3.308  847.974
a#4  58  21  4905  466.164  466.667  2  6 23  4.400  3.478  910.672
 b4  59  20  3232  493.883  490.000  2  6 24  4.373  2.432  920.339
 c5  60  19  4821  523.251  525.000  2  6 25  4.067  0.759  862.673
c#5  61  18  2874  554.365  547.826  2  6 26  3.907  2.534 1173.500
