 d2  26 135  2048   73.416   73.746  2 20  1  1.627  0.872 1070.060
d#2  27 129  4551   77.782   77.301  2 20  2  1.733  0.489 1223.820
 e2  28 123  5732   82.407   81.290  2 20  3  1.493  0.255 1254.880
 f2  29 114  5795   87.307   87.068  2 20  4  1.920  0.590 1296.140
f#2  30 108  3479   92.499   92.550  2 20  5  2.000  0.319 1191.290
 g2  31 101  3947   97.999   98.547  2 20  6  2.160  0.821 1294.130
g#2  32  95  4502  103.826  104.255  2 20  7  2.080  0.785 1237.780
 a2  33  90  4333  110.000  110.388  2 20  8  1.987  0.650 1220.130
a#2  34  85  5143  116.541  116.359  2 20  9  1.533  0.403 1331.260
 b2  35  81  4727  123.471  123.184  2 20 10  1.813  0.684 1295.300
 c3  36  76  7164  130.813  130.667  2 20 11  1.613  0.772 1434.860
c#3  37  72  4206  138.591  137.812  2 20 12  1.587  0.826 1175.720
 d3  38  68  4111  146.832  146.755  2 20 13  2.027  0.637 1153.900
d#3  39  64  5884  155.563  154.737  2 20 14  1.853  0.784 1356.830
 e3  40  60  6525  164.814  164.552  2 20 15  1.867  0.540 1398.170
 f3  41  57  4858  174.614  174.653  2 20 16  1.880  0.896 1280.080
f#3  42  54  3553  184.997  184.519  2 20 17  1.813  0.403 1164.570
 g3  43  50  3851  195.998  196.875  2 20 18  1.507  0.714 1183.130
g#3  44  48  4221  207.652  206.557  2 20 19  1.947  1.035 1161.440
 a3  45  45  5828  220.000  219.403  2 20 20  2.227  1.077 1320.150
a#3  46  42  6418  233.082  233.952  2 20 21  1.493  0.472 1371.470
 b3  47  40  5380  246.942  247.753  2 20 22  1.733  0.887 1213.920
 c4  48  38  6469  261.626  261.721  2 20 23  1.400  0.583 1316.070
c#4  49  36  6581  277.183  276.489  2 20 24  1.680  0.435 1332.760
 d4  50  34  5038  293.665  294.000  2 20 25  1.933  0.773 1262.470
d#4  51  32  5617  311.127  310.563  2 20 26  1.613  0.837 1281.900
 e4  52  30  4351  329.628  329.104  2 20 27  1.307  0.608 1204.430
 f4  53  28  6103  349.228  350.000  2 20 28  0.960  0.294 1229.480
f#4  54  26  6797  369.994  370.588  2 20 29  1.507  0.408 1308.540
 g4  55  25  5632  391.995  392.000  2 20 30  2.440  0.842 1288.600
g#4  56  24  4256  415.305  414.085  2 20 31  2.040  0.816 1274.630
 a4  57  22  3576  440.000  438.806  2 20 32  2.120  1.173 1258.720
a#4  58  21  5168  466.164  464.211  2 20 33  2.067  1.178 1086.480
 b4  59  20  3667  493.883  492.737  2 20 34  1.973  0.810 1052.130
 c5  60  19  3794  523.251  521.893  2 20 35  2.573  1.581 1175.280
c#5  61  18  3429  554.365  554.717  2 20 36  1.920  0.703 1189.290
 d5  62  17  3453  587.330  584.106  2 20 37  2.013  0.817 1212.710
