 f1  17 230  7170   43.654   43.363  2 24  1  4.933  3.493  995.464
f#1  18 216  6643   46.249   46.275  2 24  2  2.347  1.643 1096.850
 g1  19 204  5824   48.999   48.837  2 24  3  1.947  0.714 1054.850
g#1  20 193  8735   51.913   51.730  2 24  4  2.053  1.137 1168.320
 a1  21 182  6505   55.000   54.749  2 24  5  1.520  0.591  882.452
a#1  22 172 11666   58.270   57.988  2 24  6  1.867  0.472 1247.250
 b1  23 162  5605   61.735   61.635  2 24  7  1.853  0.891 1251.620
 c2  24 149  6212   65.406   66.818  2 24  8  2.053  0.520  964.197
c#2  25 143  5747   69.296   69.834  2 24  9  1.840  1.025  933.217
 d2  26 136  6401   73.416   73.195  2 24 10  2.053  1.253 1086.750
d#2  27 128  7609   77.782   77.573  2 24 11  2.120  1.356 1106.310
 e2  28 121  5136   82.407   82.123  2 24 12  2.320  1.832 1031.040
 f2  29 114  5980   87.307   87.240  2 24 13  2.187  1.311 1404.410
f#2  30 108  4625   92.499   92.067  2 24 14  1.613  0.595 1087.720
 g2  31 102  3952   97.999   97.566  2 24 15  1.987  0.903 1007.850
g#2  32  96  3939  103.826  103.400  2 24 16  2.573  1.040  940.823
 a2  33  90  4146  110.000  109.975  2 24 17  2.053  0.895 1043.110
a#2  34  86  4657  116.541  115.900  2 24 18  2.960  1.429  944.399
 b2  35  81  3334  123.471  123.357  2 24 19  1.827  1.025  863.763
 c3  36  76  2834  130.813  130.473  2 24 20  2.227  0.642  752.937
c#3  37  71  3167  138.591  138.898  2 24 21  1.720  1.108  832.198
 d3  38  68  3894  146.832  146.512  2 24 22  2.040  1.219  844.196
d#3  39  64  4080  155.563  154.737  2 24 23  1.787  1.225  948.994
 e3  40  60  3565  164.814  164.246  2 24 24  2.507  1.265  846.817
 f3  41  57  6054  174.614  173.964  2 24 25  1.667  0.779 1014.020
