 d3  38  68  2129  146.832  146.269  2 10  1  3.587  2.050  821.613
d#3  39  64  1755  155.563  155.009  2 10  2  2.640  1.131 1165.900
 e3  40  60  1552  164.814  165.169  2 10  3  4.093  1.799 1194.810
 f3  41  57  2116  174.614  175.000  2 10  4  3.947  2.772 1273.240
f#3  42  54  2561  184.997  184.906  2 10  5  3.920  2.243 1382.260
 g3  43  51  2083  195.998  196.000  2 10  6  3.320  1.875  925.533
g#3  44  48  2315  207.652  207.042  2 10  7  3.867  2.268 1093.340
 a3  45  45  2732  220.000  220.500  2 10  8  4.107  1.761 1297.720
a#3  46  42  2972  233.082  233.952  2 10  9  3.427  0.826 1362.970
 b3  47  40  2392  246.942  246.369  2 10 10  3.707  2.482 1353.280
 c4  48  38  3388  261.626  261.721  2 10 11  4.173  1.989 1289.650
c#4  49  36  2168  277.183  277.358  2 10 12  3.760  1.791 1551.290
 d4  50  34  2468  293.665  293.023  2 10 13  3.933  1.939 1862.090
d#4  51  32  1477  311.127  311.661  2 10 14  3.827  0.654 1963.450
 e4  52  30  1791  329.628  330.337  2 10 15  3.800  0.634 1745.820
 f4  53  28  1906  349.228  347.244  2 10 16  3.253  2.171 1974.030
f#4  54  26  1544  369.994  370.588  2 10 17  4.067  2.699 2169.490
 g4  55  25  1691  391.995  390.265  2 10 18  3.467  0.142 2121.540
g#4  56  24  1437  415.305  414.085  2 10 19  4.240  0.668 1753.880
 a4  57  22  2717  440.000  443.216  2 10 20  3.547  0.470 1125.020
a#4  58  21  3072  466.164  466.667  2 10 21  3.600  2.256 1739.240
 b4  59  20  2584  493.883  495.506  2 10 22  3.173  0.102 1838.010
 c5  60  19  1866  523.251  525.000  2 10 23  3.720  2.429 1307.260
c#5  61  18  2954  554.365  554.717  2 10 24  3.613  0.630 1827.150
 d5  62  16  3383  587.330  591.946  2 10 25  3.827  0.149 1432.380
d#5  63  16  4733  622.254  621.127  2 10 26  3.787  0.370 1455.540
 e5  64  15  4366  659.255  663.158  2 10 27  3.960  0.765 1903.750
 f5  65  14  3190  698.456  694.488  2 10 28  3.467  1.108 1458.050
f#5  66  13  3435  739.989  741.176  2 10 29  3.547  1.516 1753.300
 g5  67  12  3783  783.991  787.500  2 10 30  3.600  0.169 1916.050
g#5  68  12  3730  830.609  832.075  2 10 31  4.307  2.126 1619.230
 a5  69  11  5497  880.000  882.000  2 10 32  3.213  0.841 1627.820
a#5  70  10  2700  932.328  928.421  2 10 33  3.587  1.931 1942.890
 b5  71  10  4202  987.767  991.011  2 10 34  4.467  3.253 2166.230
 c6  72   9  2370 1046.500 1050.000  2 10 35  3.960  1.741 1798.890
c#6  73   9  4210 1108.730 1102.500  2 10 36  3.547  2.210 1987.270
 d6  74   8  2303 1174.660 1176.000  2 10 37  3.787  1.826 2298.070
