a#3  46  43  6367  233.082  231.496  2  8  1  3.080  2.124 1316.400
 b3  47  40  5719  246.942  246.369  2  8  2  3.240  1.213 1319.500
 c4  48  38  5374  261.626  261.721  2  8  3  3.347  1.068 1305.770
c#4  49  36  4385  277.183  277.358  2  8  4  2.240  0.992 1544.470
 d4  50  34  5760  293.665  294.000  2  8  5  2.760  1.081 1212.400
d#4  51  32  6238  311.127  310.563  2  8  6  2.560  1.419 1108.080
 e4  52  30  5119  329.628  329.104  2  8  7  2.827  1.855 1143.340
 f4  53  28  3962  349.228  350.000  2  8  8  2.747  1.536 1150.510
f#4  54  26  5453  369.994  372.152  2  8  9  2.693  0.434 1213.720
 g4  55  25  5398  391.995  392.000  2  8 10  2.707  0.485 1407.040
g#4  56  24  7402  415.305  416.038  2  8 11  2.560  0.509 1472.200
 a4  57  22  6185  440.000  441.000  2  8 12  2.600  1.727 1612.750
a#4  58  21  5014  466.164  461.780  2  8 13  3.027  1.107 1527.060
 b4  59  20  4877  493.883  495.506  2  8 14  2.773  0.484 1649.810
 c5  60  19  3380  523.251  521.893  2  8 15  2.920  1.209 1881.840
c#5  61  17  8782  554.365  558.228  2  8 16  2.440  1.512 1432.340
 d5  62  16  7155  587.330  591.946  2  8 17  2.533  0.537 1475.980
d#5  63  15  7475  622.254  625.532  2  8 18  2.227  0.929 1351.120
 e5  64  15 10359  659.255  663.158  2  8 19  2.227  0.886 1344.330
 f5  65  14  4927  698.456  700.000  2  8 20  2.573  0.568 1402.510
f#5  66  13  3471  739.989  741.176  2  8 21  2.467  0.708 1480.390
 g5  67  12  3662  783.991  787.500  2  8 22  3.120  1.182 1711.960
g#5  68  12  5776  830.609  832.075  2  8 23  2.653  1.148 1641.030
 a5  69  11  6111  880.000  882.000  2  8 24  2.827  1.785 1587.530
a#5  70  10  5332  932.328  928.421  2  8 25  2.853  1.359 1638.320
 b5  71   9  5621  987.767 1002.270  2  8 26  2.787  0.425 1638.990
 c6  72   9  3660 1046.500 1050.000  2  8 27  2.760  1.179 2292.290
c#6  73   8  6046 1108.730 1116.460  2  8 28  2.707  0.763 1755.530
 d6  74   8  4385 1174.660 1191.890  2  8 29  2.933  1.638 2404.700
d#6  75   7  6906 1244.510 1260.000  2  8 30  3.240  1.026 1913.780
 e6  76   7  5099 1318.510 1336.360  2  8 31  2.387  1.623 1737.680
 f6  77   7  2411 1396.910 1400.000  2  8 32  2.880  0.805 3432.670
