c#2  25 144  2985   69.296   69.340  2 12  1  4.013  2.540  970.030
 d2  26 136  2759   73.416   73.195  2 12  2  3.173  1.362  856.847
d#2  27 128  2500   77.782   77.984  2 12  3  2.840  1.517  920.386
 e2  28 120  4017   82.407   82.662  2 12  4  3.693  1.832 1111.170
 f2  29 114  2481   87.307   87.500  2 12  5  3.440  1.569 1090.610
f#2  30 108  2611   92.499   91.971  2 12  6  3.480  1.470  969.952
 g2  31 101  3736   97.999   98.218  2 12  7  2.973  1.449 1135.080
g#2  32  96  2107  103.826  103.643  2 12  8  3.080  1.714 1285.910
 a2  33  90  3048  110.000  109.975  2 12  9  2.453  1.114 1162.430
a#2  34  85  2783  116.541  116.513  2 12 10  2.213  0.940 1241.240
 b2  35  81  2723  123.471  123.013  2 12 11  2.493  1.551 1137.720
 c3  36  76  3250  130.813  131.055  2 12 12  2.480  1.296 1145.510
c#3  37  72  2407  138.591  138.028  2 12 13  2.800  1.598 1267.770
 d3  38  68  3477  146.832  146.269  2 12 14  2.813  0.691 1311.840
d#3  39  64  2518  155.563  155.282  2 12 15  2.400  1.430 1244.440
 e3  40  60  2986  164.814  164.860  2 12 16  2.840  1.038 1166.510
 f3  41  57  2889  174.614  174.308  2 12 17  3.307  1.667 1132.180
f#3  42  54  3197  184.997  184.519  2 12 18  3.267  1.641 1150.890
 g3  43  51  3812  195.998  195.565  2 12 19  3.093  1.582 1169.110
g#3  44  48  3272  207.652  207.529  2 12 20  2.667  1.057 1150.600
 a3  45  45  5021  220.000  220.500  2 12 21  3.547  1.780 1252.040
a#3  46  43  5010  233.082  232.105  2 12 22  3.200  1.085 1165.240
 b3  47  40  4774  246.942  246.369  2 12 23  3.107  1.549 1149.500
 c4  48  38  3720  261.626  260.177  2 12 24  2.920  1.284  893.839
c#4  49  36  3035  277.183  277.358  2 12 25  3.267  1.510 1069.570
