 e2  28 121  1856   82.407   82.353  2 23  1  2.253  1.153 1005.900
 f2  29 114  2129   87.307   87.500  2 23  2  2.280  0.968 1072.570
f#2  30 108  1844   92.499   92.067  2 23  3  2.040  1.049 1034.840
 g2  31 102  1863   97.999   97.674  2 23  4  1.987  0.923  767.587
g#2  32  96  2982  103.826  103.765  2 23  5  1.973  1.064 1028.430
 a2  33  90  2652  110.000  109.975  2 23  6  2.387  1.405  899.020
a#2  34  85  4128  116.541  116.359  2 23  7  2.213  1.270  871.495
 b2  35  80  2551  123.471  123.703  2 23  8  2.573  1.729  857.333
 c3  36  76  2327  130.813  130.473  2 23  9  2.173  1.261  914.146
c#3  37  72  2113  138.591  138.679  2 23 10  2.600  1.768  821.995
 d3  38  68  4100  146.832  146.755  2 23 11  2.173  1.219  846.940
d#3  39  64  2438  155.563  155.556  2 23 12  2.907  1.793  830.764
 e3  40  60  3102  164.814  164.552  2 23 13  2.587  1.220 1037.680
 f3  41  57  2715  174.614  174.308  2 23 14  3.067  2.073  783.318
f#3  42  54  3025  184.997  184.519  2 23 15  2.600  0.805  778.126
 g3  43  51  3284  195.998  196.000  2 23 16  2.653  1.610  724.423
g#3  44  48  2829  207.652  207.042  2 23 17  2.253  1.763  735.564
 a3  45  45  2699  220.000  218.859  2 23 18  2.347  1.218  756.739
a#3  46  42  2984  233.082  232.718  2 23 19  2.880  1.261  789.604
 b3  47  40  3154  246.942  247.059  2 23 20  2.360  1.812  826.372
 c4  48  38  4954  261.626  260.947  2 23 21  2.200  1.282  834.581
c#4  49  36  4189  277.183  277.358  2 23 22  2.333  1.257  657.057
 d4  50  34  4127  293.665  293.023  2 23 23  2.093  1.732  700.671
d#4  51  32  2877  311.127  310.563  2 23 24  2.533  1.041  753.745
 e4  52  30  3001  329.628  330.337  2 23 25  1.760  0.745 1086.560
 f4  53  28  2107  349.228  348.617  2 23 26  2.253  1.005 1020.580
f#4  54  27  2677  369.994  367.500  2 23 27  2.867  1.865  991.353
 g4  55  25  2715  391.995  392.000  2 23 28  2.187  0.962 1027.130
g#4  56  24  3692  415.305  414.085  2 23 29  1.960  1.607 1082.070
 a4  57  22  2456  440.000  438.806  2 23 30  1.880  1.108  871.326
a#4  58  21  4517  466.164  464.211  2 23 31  2.027  0.751  935.134
 b4  59  20  4005  493.883  492.737  2 23 32  1.680  0.866  895.929
 c5  60  19  7007  523.251  525.000  2 23 33  2.053  0.850 1005.550
