f#3  42  53   957  184.997  185.684  2 17  1  6.453  2.314 3969.800
 g3  43  51  1453  195.998  195.565  2 17  2  5.133  0.635 4617.990
g#3  44  48  1513  207.652  208.019  2 17  3  6.133  0.744 5332.450
 a3  45  45  1499  220.000  218.859  2 17  4  4.267  0.902 5117.610
a#3  46  42  2056  233.082  232.718  2 17  5  6.013  0.762 5345.460
 b3  47  40  1789  246.942  247.753  2 17  6  4.613  0.692 5623.890
 c4  48  38  1548  261.626  262.500  2 17  7  4.760  1.315 5265.810
c#4  49  35  1423  277.183  279.114  2 17  8  5.373  1.342 5147.080
 d4  50  34  1401  293.665  293.023  2 17  9  4.373  0.746 5376.650
d#4  51  32  2331  311.127  309.474  2 17 10  5.293  1.175 5810.670
 e4  52  30  2144  329.628  331.579  2 17 11  5.267  0.843 4944.050
 f4  53  28  2349  349.228  345.882  2 17 12  5.053  1.277 3995.350
f#4  54  27  2192  369.994  367.500  2 17 13  5.507  1.209 4945.170
 g4  55  25  2007  391.995  392.000  2 17 14  4.880  1.407 5063.050
g#4  56  24  1365  415.305  414.085  2 17 15  6.040  0.846 5126.610
 a4  57  23  1587  440.000  432.353  2 17 16  5.853  1.362 3311.990
a#4  58  21  1866  466.164  464.211  2 17 17  3.453  1.417 5374.950
 b4  59  20  1287  493.883  490.000  2 17 18  5.640  1.238 5192.100
 c5  60  19  1302  523.251  525.000  2 17 19  1.493  1.191 5615.320
c#5  61  18  2355  554.365  551.250  2 17 20  6.867  1.035 6092.160
 d5  62  17  2921  587.330  588.000  2 17 21  5.347  1.138 5458.110
d#5  63  16  1979  622.254  616.783  2 17 22  5.853  1.048 5667.480
 e5  64  15  1572  659.255  663.158  2 17 23  3.667  2.094 5577.080
 f5  65  14  2183  698.456  711.290  2 17 24  3.227  1.442 5405.010
f#5  66  13  3965  739.989  741.176  2 17 25  4.867  0.857 5775.880
 g5  67  12  2039  783.991  780.531  2 17 26  3.640  1.210 5847.380
g#5  68  11  1618  830.609  856.311  2 17 27  4.693  0.809 4586.760
 a5  69  11  1681  880.000  873.267  2 17 28  3.693  1.692 3643.450
a#5  70  11  1380  932.328  890.909  2 17 29  4.053  1.638 2917.110
 b5  71  10  1007  987.767  991.011  2 17 30  4.880  0.676 4083.470
 c6  72   9  1257 1046.500 1075.610  2 17 31  3.907  2.113 4903.480
