 e3  40  60  4449  164.814  164.246  2  9  1  2.987  1.993  921.290
 f3  41  57  4719  174.614  173.964  2  9  2  3.440  2.414  932.607
f#3  42  54  5654  184.997  183.368  2  9  3  3.013  1.908  959.308
 g3  43  50  4794  195.998  196.437  2  9  4  2.973  1.985  919.011
g#3  44  47  4877  207.652  208.511  2  9  5  2.840  1.695  997.559
 a3  45  45  5864  220.000  219.403  2  9  6  3.147  2.180  970.937
a#3  46  42  4343  233.082  233.333  2  9  7  2.747  1.705 1181.970
 b3  47  40  5330  246.942  247.753  2  9  8  2.920  1.784 1156.330
 c4  48  37  5298  261.626  264.865  2  9  9  2.960  0.856 1181.570
c#4  49  35  4272  277.183  278.233  2  9 10  2.893  1.353 1327.640
 d4  50  34  4187  293.665  294.000  2  9 11  3.200  1.483 1386.010
d#4  51  32  4697  311.127  311.661  2  9 12  3.173  1.814 1339.340
 e4  52  30  4383  329.628  330.337  2  9 13  3.000  1.415 1513.410
 f4  53  28  4501  349.228  350.000  2  9 14  2.973  1.347 1465.330
f#4  54  26  2949  369.994  372.152  2  9 15  2.893  1.055 1128.830
 g4  55  25  6512  391.995  392.000  2  9 16  2.893  0.661  910.295
g#4  56  23  4451  415.305  418.009  2  9 17  2.987  1.588  977.805
 a4  57  22  4564  440.000  441.000  2  9 18  2.627  0.485  987.489
a#4  58  21  3332  466.164  471.658  2  9 19  2.947  0.793 1218.040
 b4  59  20  3607  493.883  495.506  2  9 20  2.467  1.082 1255.880
 c5  60  19  2026  523.251  525.000  2  9 21  2.933  0.961 1266.260
c#5  61  18  2373  554.365  551.250  2  9 22  3.000  1.210 1427.450
 d5  62  17  2885  587.330  588.000  2  9 23  2.947  1.362 1423.970
d#5  63  16  3492  622.254  621.127  2  9 24  3.200  1.637 1333.870
 e5  64  15  3016  659.255  663.158  2  9 25  3.253  1.276 1408.870
 f5  65  14  1728  698.456  700.000  2  9 26  3.800  1.448 1846.110
f#5  66  13  4352  739.989  741.176  2  9 27  3.107  1.355 1296.560
 g5  67  12  3678  783.991  780.531  2  9 28  3.307  1.228 1291.220
g#5  68  11  7323  830.609  840.000  2  9 29  2.867  1.039 1336.460
 a5  69  11  2862  880.000  873.267  2  9 30  3.107  0.480 1002.190
