 c1  12 310  6515   32.703   32.155  1 17  1  2.200  0.871  293.807
c#1  13 288  6552   34.648   34.615  1 17  2  2.253  0.693  355.584
 d1  14 271  6360   36.708   36.765  1 17  3  2.240  0.708  448.462
d#1  15 258  6249   38.891   38.718  1 17  4  2.520  0.810  356.271
 e1  16 243  4824   41.203   41.138  1 17  5  2.587  0.595  406.454
 f1  17 230  3494   43.654   43.470  1 17  6  1.707  1.031  333.617
f#1  18 216  4159   46.249   46.130  1 17  7  1.733  0.605  488.548
 g1  19 206  3543   48.999   48.329  1 17  8  1.880  0.561  538.711
g#1  20 192  5510   51.913   51.821  1 17  9  2.107  0.848  439.333
 a1  21 181 12250   55.000   54.953  1 17 11  2.920  0.673  332.483
a#1  22 171  7551   58.270   58.333  1 17 12  1.707  0.472  328.320
 b1  23 162  5902   61.735   61.678  1 17 13  1.800  0.413  362.963
 c2  24 153  3060   65.406   65.092  1 17 14  1.733  0.749  327.341
c#2  25 143  5707   69.296   69.613  1 17 15  1.747  0.996  256.935
 d2  26 136  2138   73.416   73.378  1 17 17  2.747  0.729  526.770
d#2  27 128  4437   77.782   77.709  1 17 18  2.400  0.694  416.723
 e2  28 117  2127   82.407   85.053  1 17 19  2.093  0.546  526.952
 f2  29 115  7061   87.307   86.641  1 17 20  2.053  0.750  344.682
f#2  30 108  3668   92.499   92.163  1 17 21  1.627  0.578  506.825
 g2  31 102  3948   97.999   97.783  1 17 23  2.653  0.724  529.197
g#2  32  96  3109  103.826  104.009  1 17 24  2.320  1.040  536.502
 a2  33  91  3187  110.000  109.701  1 17 25  2.547  0.405  632.824
a#2  34  86  7530  116.541  115.748  1 17 26  2.587  0.429  439.953
 b2  35  81  5378  123.471  123.184  1 17 27  2.853  0.559  557.749
 c3  36  77  3235  130.813  129.515  1 17 28  2.133  0.871  718.012
c#3  37  72  6553  138.591  138.028  1 17 29  1.880  0.999  453.683
 d3  38  68  1311  146.832  145.305  1 17 30  1.893  0.913  954.527
d#3  39  64  2819  155.563  154.196  1 17 31  1.507  0.707  826.529
 e3  40  61  2767  164.814  163.636  1 17 32  1.973  0.698  964.483
 f3  41  57  2815  174.614  173.281  1 17 33  1.707  0.550 1090.650
f#3  42  54  8663  184.997  183.368  1 17 34  1.853  0.430  719.482
 g3  43  51  4779  195.998  195.133  1 17 35  1.573  0.758  876.837
g#3  44  48  3487  207.652  207.042  1 17 36  1.920  0.672  828.527
 a3  45  45  7822  220.000  217.778  1 17 37  1.867  0.468  739.441
a#3  46  43  9555  233.082  230.890  1 17 38  1.667  0.571  678.149
 b3  47  39  5056  246.942  254.179  1 17 39  1.707  0.551  572.451
 c4  48  37  1922  261.626  263.284  1 17 40  1.573  0.539 1092.360
c#4  49  36 10557  277.183  276.489  1 17 41  1.693  0.559  603.852
 d4  50  33   737  293.665  296.970  1 17 42  4.240  0.347 1443.840
