 c1  12 303  2335   32.703   32.935  1 18  1  1.973  0.122  217.170
c#1  13 287  5878   34.648   34.766  1 18  2  1.493  0.115  177.225
 d1  14 272  3668   36.708   36.658  1 18  3  1.213  0.095  199.459
d#1  15 258  5869   38.891   38.667  1 18  4  1.507  0.103  183.313
 e1  16 241  7080   41.203   41.467  1 18  5  2.080  0.182  172.816
 f1  17 230  2926   43.654   43.384  1 18  7  1.173  0.080  253.858
f#1  18 214  3678   46.249   46.642  1 18  8  0.987  0.076  244.215
g#1  20 189  4618   51.913   52.720  1 18  9  1.347  0.087  211.076
 a1  21 182  6128   55.000   54.885  1 18 10  2.093  0.091  224.254
a#1  22 172  4456   58.270   58.103  1 18 11  1.067  0.086  179.108
 b1  23 161  4416   61.735   61.895  1 18 12  1.467  0.138  165.713
 c2  24 151  3787   65.406   66.166  1 18 13  1.413  0.054  242.639
c#2  25 151  7209   69.296   66.216  1 18 14  0.880  0.087  167.996
 d2  26 137  4509   73.416   72.953  1 18 15  1.867  0.102  238.007
d#2  27 126  2532   77.782   78.891  1 18 16  1.200  0.077  217.298
 e2  28 120  7752   82.407   83.207  1 18 17  1.627  0.055  252.908
 f2  29 113  3437   87.307   87.849  1 18 18  1.133  0.086  470.896
f#2  30 113  3246   92.499   87.849  1 18 19  0.947  0.049  343.741
 g2  31  98  2772   97.999  101.031  1 18 20  1.413  0.082  213.695
g#2  32  96  2503  103.826  104.009  1 18 21  1.587  0.063  236.831
 a2  33  90  3552  110.000  110.804  1 18 22  1.960  0.073  244.447
a#2  34  85  4432  116.541  116.821  1 18 23  1.320  0.064  259.904
 b2  35  79  1682  123.471  125.641  1 18 24  1.693  0.121  241.523
 c3  36  76  1238  130.813  130.281  1 18 25  1.853  0.057  381.657
c#3  37  69  1692  138.591  143.182  1 18 26  1.280  0.040  402.094
 d3  38  69  2836  146.832  143.883  1 18 27  1.187  0.082  311.789
d#3  39  65  1645  155.563  153.125  1 18 28  1.693  0.061  566.621
 e3  40  60  2065  164.814  165.478  1 18 29  1.827  0.067  504.127
 f3  41  56  5169  174.614  175.697  1 18 30  1.453  0.112  336.634
f#3  42  54  9242  184.997  182.609  1 18 31  1.240  0.059  405.723
 g3  43  51  4876  195.998  195.565  1 18 32  1.427  0.100  363.828
g#3  44  47  3371  207.652  209.501  1 18 33  0.933  0.046  487.650
 a3  45  45  6813  220.000  222.166  1 18 34  1.093  0.100  317.804
a#3  46  43  2554  233.082  230.890  1 18 35  0.840  0.071  405.536
 b3  47  35  2452  246.942  280.000  1 18 36  0.773  0.030  498.593
 c4  48  37 15389  261.626  266.465  1 18 37  0.747  0.048  406.917
c#4  49  35 10833  277.183  280.000  1 18 38  0.747  0.206  377.543
 d4  50  34  3934  293.665  287.296  1 18 39  0.573  0.049  503.695
d#4  51  32  7572  311.127  308.392  1 18 40  0.627  0.051  527.453
 e4  52  30  3311  329.628  324.265  1 18 41  0.640  0.026  897.105
 f4  53  27  3115  349.228  362.963  1 18 42  0.547  0.052  463.455
