 c2  24 152  2099   65.406   65.430  2 25  1  5.440  1.353  314.345
c#2  25 144  1848   69.296   69.285  2 25  2  5.507  2.922  311.304
 d2  26 136  2570   73.416   73.439  2 25  3  5.667  3.821  291.684
d#2  27 128  2815   77.782   77.984  2 25  4  6.093  3.323  305.998
 f2  29 114  2105   87.307   87.500  2 25  5  5.587  1.409  335.695
f#2  30 108  2627   92.499   92.453  2 25  6  5.587  1.195  323.560
 g2  31 102  2457   97.999   97.891  2 25  7  6.520  4.852  330.065
g#2  32  96  3794  103.826  103.643  2 25  8  4.800  2.822  338.597
 a2  33  90  2845  110.000  109.975  2 25  9  4.747  2.168  378.982
a#2  34  85  3409  116.541  116.513  2 25 10  4.733  1.523  413.899
 b2  35  80  2540  123.471  123.529  2 25 11  4.160  1.749  419.568
 c3  36  76  3488  130.813  130.473  2 25 12  5.267  1.839  361.365
c#3  37  71  2341  138.591  139.117  2 25 13  5.093  2.695  433.352
 d3  38  68  2656  146.832  147.000  2 25 14  5.333  2.898  377.171
d#3  39  64  2625  155.563  155.282  2 25 15  5.773  2.571  390.817
 e3  40  60  3395  164.814  164.552  2 25 16  5.680  2.861  389.442
 f3  41  57  2572  174.614  175.348  2 25 17  5.653  2.182  419.885
f#3  42  53  3552  184.997  185.294  2 25 18  5.307  3.238  415.047
 g3  43  51  2722  195.998  195.565  2 25 19  5.333  2.962  451.004
g#3  44  47  3281  207.652  208.511  2 25 20  5.107  2.485  320.397
 a3  45  45  5981  220.000  219.950  2 25 21  4.960  2.370  375.511
a#3  46  42  5258  233.082  232.718  2 25 22  5.507  2.310  369.613
 b3  47  40  2112  246.942  247.059  2 25 23  5.613  2.363  360.674
 c4  48  38  2043  261.626  262.500  2 25 24  5.840  4.927  337.456
c#4  49  36  1689  277.183  277.358  2 25 25  5.787  1.840  445.776
 d4  50  34  2303  293.665  294.000  2 25 26  5.600  3.003  386.784
d#4  51  32  1843  311.127  311.661  2 25 27  5.840  2.054  392.086
 e4  52  30  3111  329.628  331.579  2 25 28  5.827  2.265  385.479
 f4  53  28  2689  349.228  348.617  2 25 29  6.147  3.077  406.002
f#4  54  26  1843  369.994  370.588  2 25 30  5.973  2.545  439.320
 g4  55  25  2552  391.995  392.000  2 25 31  5.240  2.286  440.073
