 c2  24 152  2519   65.406   65.479  1 11  1  3.187  1.086  686.925
c#2  25 144  4794   69.296   69.285  1 11  2  3.893  0.765  494.323
 d2  26 135  2757   73.416   73.931  1 11  3  3.493  0.817  461.045
d#2  27 128  2830   77.782   77.778  1 11  4  2.880  1.157  503.098
 e2  28 121  3756   82.407   82.276  1 11  5  2.573  1.086  344.740
 f2  29 114  2359   87.307   87.587  1 11  6  2.947  0.619  606.123
f#2  30 108  2047   92.499   92.356  1 11  7  3.253  0.616  629.427
 g2  31 102  3173   97.999   97.891  1 11  9  5.507  0.939  581.823
g#2  32  96  3497  103.826  103.400  1 11 10  3.200  1.474  432.426
 a2  33  91  1731  110.000  109.429  1 11 11  4.213  0.768  707.746
a#2  34  86  1692  116.541  115.900  1 11 12  3.360  1.158  713.065
 b2  35  81  1434  123.471  122.670  1 11 13  3.760  0.810  781.510
 c3  36  77  1605  130.813  129.706  1 11 14  3.907  0.340  760.721
c#3  37  72  1874  138.591  138.245  1 11 15  4.160  1.162  695.882
 d3  38  68  2481  146.832  146.755  1 11 17  4.560  0.443  884.195
d#3  39  64  5171  155.563  155.556  1 11 18  4.093  0.331  561.389
 e3  40  60  5678  164.814  164.860  1 11 19  3.760  0.464  514.715
 f3  41  57  2958  174.614  174.308  1 11 20  2.880  1.455 1030.260
f#3  42  53  1975  184.997  186.076  1 11 21  2.827  1.714 1204.480
 g3  43  51  2491  195.998  195.133  1 11 22  3.573  0.191  933.685
g#3  44  48  4925  207.652  208.019  1 11 23  3.307  0.373  550.796
 a3  45  45  4196  220.000  220.500  1 11 25  3.653  0.170 1256.590
a#3  46  43  3231  233.082  232.105  1 11 26  2.907  0.249 1313.550
 b3  47  41  3940  246.942  242.975  1 11 27  3.133  0.160 1645.520
 c4  48  37  2168  261.626  264.865  1 11 28  2.907  0.340 1635.350
c#4  49  36  3195  277.183  276.489  1 11 29  2.840  0.274 1499.130
 d4  50  33  1457  293.665  295.973  1 11 30  3.733  0.276 1861.070
d#4  51  32  2066  311.127  307.317  1 11 31  3.480  0.781 1858.630
 e4  52  30  2175  329.628  331.579  1 11 32  3.173  0.067 1985.620
 f4  53  28  2020  349.228  347.244  1 11 33  1.853  0.442 1660.900
f#4  54  26  2989  369.994  370.588  1 11 34  2.627  0.314 1441.400
 g4  55  25  2399  391.995  393.750  1 11 35  3.133  0.306 1525.390
g#4  56  23  2869  415.305  422.010  1 11 36  2.653  0.124 1601.180
 a4  57  22  2302  440.000  438.806  1 11 37  3.653  0.240 1796.890
a#4  58  21  3108  466.164  459.375  1 11 38  3.067  0.211 1510.890
 b4  59  20  1752  493.883  490.000  1 11 39  3.120  0.359 1906.440
 c5  60  19  2403  523.251  521.893  1 11 40  1.907  0.341 1806.480
c#5  61  17  3350  554.365  561.783  1 11 41  2.400  0.452 1922.350
 d5  62  16  2348  587.330  591.946  1 11 42  2.680  1.065 2079.900
d#5  63  16  2355  622.254  616.783  1 11 43  2.067  0.076 2359.170
 e5  64  15  3392  659.255  653.333  1 11 44  1.920  0.108 1850.420
 f5  65  14  5210  698.456  694.488  1 11 45  1.373  0.153 1629.200
f#5  66  12  3945  739.989  780.531  1 11 46  1.693  0.523 1842.960
 g5  67  12  2899  783.991  773.684  1 11 47  1.667  1.364 1920.320
