 g3  43  51 15043  195.998  194.273  1 21  1  3.480  2.031 1567.140
g#3  44  48 14824  207.652  205.594  1 21  2  3.120  1.483 1141.790
 a3  45  45 12024  220.000  217.778  1 21  3  3.213  1.566 1286.610
a#3  46  45 11676  233.082  219.403  1 21  4  3.253  1.853 1062.860
 b3  47  41 11805  246.942  243.646  1 21  5  3.240  1.721 1262.700
 c4  48  39 27620  261.626  255.652  1 21  6  2.680  1.951  682.252
c#4  49  36 21312  277.183  273.065  1 21  7  2.813  0.978  859.195
 d3  38  69 13805  146.832  144.118  1 21  8  3.147  1.818 1150.340
d#4  51  32 14766  311.127  308.392  1 21  9  3.027  1.684 1343.390
 e4  52  29 14690  329.628  337.931  1 21 10  3.187  1.993 1263.200
 f4  53  28 19909  349.228  345.882  1 21 11  3.053  1.347 1705.010
f#4  54  27 26432  369.994  365.975  1 21 12  3.040  1.435 1379.730
 g4  55  25 21071  391.995  386.842  1 21 13  3.413  1.717 1402.500
g#4  56  24 18389  415.305  410.233  1 21 14  2.987  0.431 1376.350
 a4  57  23 17973  440.000  430.244  1 21 15  3.120  1.268 1323.340
a#4  58  21 16636  466.164  461.780  1 21 16  3.067  1.502 1929.920
 b4  59  20 28968  493.883  481.967  1 21 17  2.880  0.700 1073.610
 c5  60  19 25823  523.251  518.824  1 21 18  3.213  1.839 1443.190
c#5  61  18 30250  554.365  551.250  1 21 19  2.093  0.618 2093.100
 d5  62  17 15990  587.330  569.032  1 21 20  3.200  1.625 1887.850
d#5  63  16 20768  622.254  621.127  1 21 21  3.240  1.666 1737.260
 e5  64  15 25729  659.255  658.209  1 21 22  3.413  1.247 1718.590
 f5  65  14 11830  698.456  700.000  1 21 23  3.533  0.631 1826.820
f#5  66  13 24124  739.989  735.000  1 21 24  3.133  1.837 2195.410
 g5  67  12 13605  783.991  787.500  1 21 25  3.480  1.633 1680.610
g#5  68  12  5107  830.609  832.075  1 21 26  2.533  1.209 2649.080
 a5  69  11  8811  880.000  873.267  1 21 27  2.600  0.989 1911.640
a#5  70  10 13960  932.328  918.750  1 21 28  2.547  1.589 1832.930
 b5  71  10  4624  987.767  980.000  1 21 29  2.560  1.309 2398.200
 c6  72   9 10938 1046.500 1050.000  1 21 30  2.573  0.940 2944.140
c#6  73   9 16713 1108.730 1102.500  1 21 31  2.600  1.242 2617.680
 d6  74   8  4304 1174.660 1160.530  1 21 32  2.467  2.032 2547.310
d#6  75   8 11688 1244.510 1242.250  1 21 33  2.427  1.685 1914.800
 e6  76   7  3118 1318.510 1297.060  1 21 34  2.200  0.579 2969.220
 f6  77   7 10508 1396.910 1378.120  1 21 35  2.440  0.847 2916.060
f#6  78   6  7077 1479.980 1470.000  1 21 36  2.413  1.604 2983.440
 g6  79   6  6872 1567.980 1547.370  1 21 37  2.440  1.046 2897.890
g#6  80   5  5203 1661.220 1696.150  1 21 38  2.547  1.503 3108.320
 a6  81   5  6896 1760.000 1764.000  1 21 39  2.547  1.538 3026.990
a#6  82   5  8236 1864.660 1837.500  1 21 40  2.667  1.383 3264.420
 b6  83   5  5959 1975.530 1960.000  1 21 41  2.507  0.923 2497.000
 c7  84   4  4944 2093.000 2100.000  1 21 42  2.413  1.765 3293.740
c#7  85   4  6157 2217.460 2205.000  1 21 43  2.413  1.448 3193.170
 d7  86   4  2461 2349.320 2383.780  1 21 44  2.253  0.988 2863.790
