f#1  18 215  5563   46.249   46.348  2 13  1  3.693  2.508  768.388
 g1  19 204  3733   48.999   48.973  2 13  2  3.520  1.959  893.884
g#1  20 193  4040   51.913   51.761  2 13  3  3.240  0.780 1026.230
 a1  21 182  3045   55.000   54.919  2 13  4  3.387  2.300 1076.730
a#1  22 170  2606   58.270   58.683  2 13  5  3.307  2.445 1040.040
 b1  23 160  2122   61.735   62.113  2 13  6  3.747  2.818 1019.770
 c2  24 152  2918   65.406   65.382  2 13  7  3.373  1.215 1022.200
c#2  25 144  2663   69.296   69.231  2 13  8  3.533  2.569 1070.310
 d2  26 136  2610   73.416   73.317  2 13  9  3.600  2.425 1177.600
d#2  27 128  2934   77.782   77.709  2 13 10  3.600  1.845 1213.860
 e2  28 121  2691   82.407   82.353  2 13 11  3.867  1.729 1103.300
 f2  29 114  2809   87.307   87.240  2 13 12  3.160  1.277 1135.980
f#2  30 108  3670   92.499   92.550  2 13 13  3.587  1.611 1277.500
 g2  31 101  4164   97.999   98.109  2 13 14  3.947  2.362 1200.700
g#2  32  98  3115  103.826  101.848  2 13 15  3.427  1.729  718.873
 a2  33  91  3407  110.000  109.838  2 13 16  3.360  1.895 1063.810
a#2  34  85  2147  116.541  116.513  2 13 17  3.413  0.721 1012.780
 b2  35  81  3040  123.471  123.184  2 13 18  3.627  1.369 1243.880
 c3  36  76  3670  130.813  130.667  2 13 19  2.787  1.185 1194.900
c#3  37  72  3105  138.591  138.462  2 13 20  3.080  1.053 1340.680
 d3  38  68  6203  146.832  146.755  2 13 21  3.200  1.478 1104.810
d#3  39  64  4203  155.563  155.282  2 13 22  2.907  1.556  968.161
 e3  40  60  4007  164.814  164.860  2 13 23  3.293  0.895 1088.020
