 c3  36  76  3382  130.813  130.281  1  7  1  1.680  0.558 1004.510
c#3  37  72  5901  138.591  138.462  1  7  2  1.427  0.703  879.331
 d3  38  68  4885  146.832  145.785  1  7  3  1.507  0.746  858.860
d#3  39  64  2818  155.563  155.282  1  7  4  1.373  0.595  979.595
 e3  40  61  3773  164.814  162.132  1  7  5  1.493  0.598 1052.600
 f3  41  57  3108  174.614  174.653  1  7  6  1.573  0.567 1122.230
f#3  42  53  4468  184.997  185.294  1  7  7  1.560  0.746 1204.180
 g3  43  51  2969  195.998  195.133  1  7  8  1.533  0.844 1327.270
g#3  44  47  4061  207.652  208.511  1  7  9  1.973  0.640 1229.770
 a3  45  45  6065  220.000  219.403  1  7 10  1.507  0.564  892.704
a#3  46  43  7559  233.082  231.496  1  7 11  1.507  0.779  862.323
 b3  47  40  4203  246.942  245.682  1  7 12  1.720  0.859 1142.940
 c4  48  38  2298  261.626  261.721  1  7 13  1.827  0.864 1513.750
c#4  49  35  4270  277.183  280.000  1  7 14  1.400  0.694 1027.680
 d4  50  34  5803  293.665  293.023  1  7 15  1.573  0.652 1725.730
d#4  51  32  4086  311.127  311.661  1  7 16  1.413  0.689 1433.510
 e4  52  30  4927  329.628  330.337  1  7 17  1.293  0.601 1402.200
 f4  53  28  2959  349.228  351.394  1  7 18  1.360  0.623 1705.330
f#4  54  26  3993  369.994  373.729  1  7 19  1.187  0.543 1678.630
 g4  55  25  1985  391.995  390.265  1  7 20  1.387  0.665 2632.540
g#4  56  23  3112  415.305  422.010  1  7 21  1.387  0.460 1866.780
 a4  57  22 10430  440.000  441.000  1  7 22  1.533  0.466 1425.060
a#4  58  21  2811  466.164  466.667  1  7 23  1.427  0.662 2606.680
 b4  59  20  2721  493.883  495.506  1  7 24  1.520  0.659 3055.110
 c5  60  19  1767  523.251  521.893  1  7 25  1.467  0.805 2973.780
c#5  61  17  2334  554.365  558.228  1  7 26  1.373  0.623 2830.030
 d5  62  16  3519  587.330  608.276  1  7 27  1.387  0.785 2352.830
d#5  63  15  5495  622.254  625.532  1  7 28  1.373  0.566 2436.870
 e5  64  14  3396  659.255  668.182  1  7 29  1.253  0.546 2442.700
 f5  65  14  2140  698.456  705.600  1  7 30  1.347  0.608 2645.540
f#5  66  13  2168  739.989  741.176  1  7 31  1.080  0.513 2656.420
 g5  67  12  2272  783.991  787.500  1  7 32  1.080  0.469 3169.280
g#5  68  11  2610  830.609  864.706  1  7 33  1.080  0.000 2043.270
 a5  69  11  1710  880.000  882.000  1  7 34  1.200  0.625 3284.760
a#5  70  10  1464  932.328  938.298  1  7 35  1.187  0.571 3292.970
 b5  71  10  2614  987.767  991.011  1  7 36  1.080  0.448 3874.270
 c6  72   9  2526 1046.500 1050.000  1  7 37  1.093  0.730 2814.510
c#6  73   9  2085 1108.730 1102.500  1  7 38  1.333  0.571 3302.630
 d6  74   8  1289 1174.660 1191.890  1  7 39  1.120  0.844 3467.090
