 g3  43  50  6148  195.998  197.315  2  5  1  2.813  1.732  864.612
g#3  44  47  6858  207.652  208.511  2  5  2  3.093  2.596  876.696
 a3  45  45  4824  220.000  219.950  2  5  3  3.320  2.636  788.209
a#3  46  42  5347  233.082  232.718  2  5  4  2.173  1.113  887.839
 b3  47  40  6334  246.942  248.451  2  5  5  3.147  0.854  969.537
 c4  48  38  7572  261.626  262.500  2  5  6  2.773  2.014  900.211
c#4  49  36  7095  277.183  277.358  2  5  7  3.467  2.688  773.025
 d4  50  34  6931  293.665  294.000  2  5  8  3.320  1.403  889.928
d#4  51  32  8800  311.127  311.661  2  5  9  3.427  1.430  984.912
 e4  52  30  8281  329.628  329.104  2  5 10  3.027  2.527  975.564
 f4  53  28  6380  349.228  348.617  2  5 11  3.013  0.269  986.001
f#4  54  27  9130  369.994  369.038  2  5 12  3.613  2.796  924.617
 g4  55  25  6401  391.995  388.546  2  5 13  4.093  3.250  930.502
g#4  56  24  7262  415.305  414.085  2  5 14  3.587  2.008  873.116
 a4  57  22  8412  440.000  443.216  2  5 15  3.560  2.787 1003.330
a#4  58  21  3523  466.164  464.211  2  5 16  2.920  1.942 1026.210
 b4  59  20  4822  493.883  495.506  2  5 17  3.240  2.357 1256.240
 c5  60  19  3971  523.251  518.824  2  5 18  3.120  0.237 1097.560
c#5  61  17  4104  554.365  558.228  2  5 19  3.400  0.625 1099.030
 d5  62  16  4404  587.330  591.946  2  5 20  3.107  2.137 1119.390
d#5  63  16  3750  622.254  621.127  2  5 21  3.627  0.385 1216.450
 e5  64  15  5490  659.255  653.333  2  5 22  3.453  3.131 1138.950
 f5  65  14  5541  698.456  705.600  2  5 23  3.653  2.778 1256.420
f#5  66  13  5567  739.989  741.176  2  5 24  3.773  0.307 1275.480
 g5  67  12  5865  783.991  801.818  2  5 25  3.867  2.832 1282.460
g#5  68  12  5287  830.609  832.075  2  5 26  3.693  1.557 1189.810
 a5  69  11  5199  880.000  882.000  2  5 27  3.760  3.428 1230.380
a#5  70  10  4237  932.328  958.696  2  5 28  3.747  1.170 1431.400
 b5  71   9  5062  987.767 1002.270  2  5 29  3.733  2.636 1368.960
 c6  72   9  4284 1046.500 1075.610  2  5 30  3.613  0.189 1319.420
