 c4  48  37  2957  261.626  264.072  2  1  1  3.533  2.517 1024.200
c#4  49  35  3478  277.183  278.233  2  1  2  3.480  1.719  962.349
 d4  50  33  5270  293.665  294.983  2  1  3  3.720  1.095  840.707
d#4  51  31  4666  311.127  312.766  2  1  4  3.547  0.300  773.493
 e4  52  30  4388  329.628  330.337  2  1  5  3.480  1.814  829.837
 f4  53  28  4816  349.228  352.800  2  1  6  3.320  0.292  813.981
f#4  54  26  4336  369.994  376.923  2  1  7  4.067  2.812  863.876
 g4  55  25  4930  391.995  395.516  2  1  8  3.413  1.596  890.453
g#4  56  23  4028  415.305  420.000  2  1  9  4.053  0.550  872.278
 a4  57  22  4561  440.000  438.806  2  1 10  4.133  2.575  916.375
a#4  58  21  6413  466.164  469.149  2  1 11  3.600  0.320  950.005
 b4  59  20  5168  493.883  495.506  2  1 12  3.760  0.169 1009.990
 c5  60  18  6412  523.251  531.325  2  1 13  3.613  0.766  955.766
c#5  61  17  3925  554.365  558.228  2  1 14  4.547  0.352  868.575
 d5  62  16  5363  587.330  591.946  2  1 15  3.667  0.452  889.667
d#5  63  15  4994  622.254  625.532  2  1 16  3.587  0.444  901.158
 e5  64  15  3797  659.255  658.209  2  1 17  3.707  0.460  842.709
 f5  65  14  4476  698.456  700.000  2  1 18  3.467  0.198 1026.860
f#5  66  13  4475  739.989  747.458  2  1 19  3.653  1.017 1004.890
 g5  67  12  4304  783.991  794.595  2  1 20  3.560  1.270 1066.000
g#5  68  12  3628  830.609  832.075  2  1 21  4.373  3.907 1297.100
 a5  69  10  5280  880.000  909.278  2  1 22  3.733  1.770 1353.720
a#5  70  10  4055  932.328  948.387  2  1 23  3.840  2.510 1267.210
 b5  71   9  4758  987.767 1002.270  2  1 24  3.933  3.509 1281.300
 c6  72   9  4291 1046.500 1062.650  2  1 25  3.627  1.195 1231.760
c#6  73   8  3610 1108.730 1116.460  2  1 26  3.853  3.522 1435.550
 d6  74   8  2784 1174.660 1176.000  2  1 27  3.533  3.090 1549.320
d#6  75   8  2853 1244.510 1242.250  2  1 28  4.160  3.832 1637.960
 e6  76   7  4725 1318.510 1336.360  2  1 29  3.627  1.152 1559.750
 f6  77   7  4792 1396.910 1422.580  2  1 30  4.133  1.015 1591.180
f#6  78   6  5119 1479.980 1494.920  2  1 31  4.213  3.720 1692.330
 g6  79   6  5896 1567.980 1575.000  2  1 32  3.840  0.202 1711.470
g#6  80   5  3350 1661.220 1696.150  2  1 33  3.360  2.887 2098.910
 a6  81   5  3073 1760.000 1764.000  2  1 34  3.640  3.119 2203.170
a#6  82   5  5847 1864.660 1837.500  2  1 35  3.440  3.081 2190.890
 b6  83   5  3562 1975.530 1960.000  2  1 36  3.787  1.549 2489.130
 c7  84   4  5076 2093.000 2151.220  2  1 37  3.573  0.083 2420.330
