 c2  24 152  1858   65.406   65.382  1 12  1  5.200  0.986  590.119
c#2  25 144  6555   69.296   69.285  1 12  2  4.773  1.212  378.479
 d2  26 136  2065   73.416   73.439  1 12  3  6.200  0.851  455.089
d#2  27 128  2248   77.782   77.846  1 12  4  4.733  1.684  364.217
 e2  28 121  3729   82.407   81.970  1 12  5  4.440  0.449  342.362
 f2  29 114  1538   87.307   87.413  1 12  6  4.480  0.962  376.586
f#2  30 108  2983   92.499   92.453  1 12  7  4.760  2.935  260.876
 g2  31 102  3299   97.999   98.000  1 12  8  5.213  1.362  379.327
g#2  32  96  3757  103.826  103.643  1 12  9  4.707  0.833  318.602
 a2  33  90  1600  110.000  110.112  1 12 10  4.960  0.505  440.970
a#2  34  85  2649  116.541  116.513  1 12 11  4.520  1.326  420.066
 b2  35  80  1639  123.471  123.529  1 12 12  4.067  0.972  481.985
 c3  36  76   977  130.813  130.667  1 12 13  4.280  0.214  610.972
c#3  37  72  1208  138.591  138.462  1 12 14  4.293  1.259  533.367
 d3  38  68  1530  146.832  146.755  1 12 15  5.693  2.224  577.533
d#3  39  64  2861  155.563  155.556  1 12 16  3.560  0.900  494.304
 e3  40  60  2634  164.814  164.860  1 12 17  4.027  1.872  463.286
 f3  41  57  1894  174.614  174.308  1 12 18  3.547  1.277  703.740
f#3  42  54  2041  184.997  184.906  1 12 19  3.107  1.319  541.659
 g3  43  51   948  195.998  196.000  1 12 20  4.107  1.079  928.507
g#3  44  48  3903  207.652  207.042  1 12 21  3.413  0.905  450.550
 a3  45  45  2012  220.000  219.403  1 12 22  4.453  1.484  832.484
a#3  46  42  1927  233.082  232.718  1 12 23  3.147  1.236  891.573
 b3  47  40  1456  246.942  247.059  1 12 24  2.867  0.549 1190.330
 c4  48  38   741  261.626  260.947  1 12 25  4.200  1.668 1390.180
c#4  49  36  1244  277.183  276.489  1 12 26  3.467  0.857 1330.450
 d4  50  34  1521  293.665  294.000  1 12 27  4.667  2.207 1049.850
d#4  51  32  2178  311.127  310.563  1 12 28  3.787  0.636  932.296
 e4  52  30  1862  329.628  329.104  1 12 29  3.573  0.771  925.332
 f4  53  28  3074  349.228  350.000  1 12 30  3.160  1.060  775.154
f#4  54  27  1143  369.994  369.038  1 12 31  3.200  0.855 1125.640
 g4  55  25   972  391.995  392.000  1 12 32  3.347  2.102 1251.040
g#4  56  24  1175  415.305  414.085  1 12 33  2.840  0.301 1420.390
 a4  57  22   611  440.000  438.806  1 12 34  5.133  0.124 1639.120
