f#3  42  54  2918  184.997  184.519  2 16  1  4.920  1.049 2080.100
 g3  43  51  3692  195.998  195.133  2 16  2  5.627  1.191 2227.500
g#3  44  48  2028  207.652  207.529  2 16  3  6.200  1.177 1852.060
 a3  45  45  2235  220.000  219.403  2 16  4  5.853  1.218 1723.450
a#3  46  42  1871  233.082  233.333  2 16  5  6.293  2.021 1629.380
 b3  47  40  2308  246.942  247.059  2 16  6  6.853  1.735 1817.280
 c4  48  38  2553  261.626  261.721  2 16  7  7.493  1.525 1887.720
c#4  49  36  2724  277.183  276.489  2 16  8  8.373  1.479 1961.120
 d4  50  34  2892  293.665  293.023  2 16  9  7.547  0.616 1999.170
d#4  51  31  3069  311.127  312.766  2 16 10  3.613  0.775 2153.200
 e4  52  30  2726  329.628  329.104  2 16 11  7.320  1.033 1915.340
 f4  53  28  2411  349.228  347.244  2 16 12  7.427  2.205 1321.530
f#4  54  26  3538  369.994  370.588  2 16 13  6.720  1.254 1619.670
 g4  55  25  3268  391.995  392.000  2 16 14  6.453  2.082 1360.840
g#4  56  24  3127  415.305  416.038  2 16 15  6.093  1.109 2165.200
 a4  57  22  2749  440.000  441.000  2 16 16  5.707  0.977 1850.420
a#4  58  21  1959  466.164  466.667  2 16 17  6.333  1.756 1546.820
 b4  59  20  2915  493.883  492.737  2 16 18  6.147  0.718 1794.240
 c5  60  19  3071  523.251  525.000  2 16 19  7.560  0.575 1809.110
c#5  61  18  4164  554.365  554.717  2 16 20  6.867  1.077 2171.460
 d5  62  17  2735  587.330  588.000  2 16 21  5.893  2.154 1872.280
d#5  63  16  3477  622.254  621.127  2 16 22  5.707  1.924 2109.120
 e5  64  15  2875  659.255  658.209  2 16 23  6.120  1.585 1931.480
 f5  65  14  3088  698.456  694.488  2 16 24  5.067  2.249 1499.900
f#5  66  13  4007  739.989  735.000  2 16 25  6.347  1.957 1946.580
 g5  67  12  3573  783.991  780.531  2 16 26  5.733  1.025 1906.280
g#5  68  11  3269  830.609  840.000  2 16 27  4.360  0.517 2434.140
 a5  69  11  2986  880.000  882.000  2 16 28  4.520  1.915 2053.140
a#5  70  10  2873  932.328  938.298  2 16 29  5.507  0.773 1866.730
 b5  71  10  2647  987.767  991.011  2 16 30  5.707  0.530 2120.580
 c6  72   9  2136 1046.500 1050.000  2 16 31  6.547  1.894 1512.390
c#6  73   9  4360 1108.730 1102.500  2 16 32  2.253  1.328 2029.490
 d6  74   8  2386 1174.660 1176.000  2 16 33  6.320  1.063 1669.930
d#6  75   7  2180 1244.510 1260.000  2 16 34  5.813  4.186 1665.440
