 f4  53  28  5865  349.228  348.617  2 21  1  1.653  0.606 1416.430
f#4  54  26  3072  369.994  370.588  2 21  2  1.187  0.378 1382.610
 g4  55  25  4965  391.995  390.265  2 21  3  2.427  1.760 1329.010
g#4  56  24  4654  415.305  414.085  2 21  4  1.627  0.698 1327.680
 a4  57  22  4544  440.000  441.000  2 21  5  2.133  0.918 1184.260
a#4  58  21  5390  466.164  461.780  2 21  6  1.987  1.008 1169.650
 b4  59  20  5172  493.883  492.737  2 21  7  2.000  0.393 1222.020
 c5  60  19  5399  523.251  521.893  2 21  8  2.240  0.756 1104.880
c#5  61  18  5832  554.365  551.250  2 21  9  2.827  1.210 1128.630
 d5  62  17  4581  587.330  584.106  2 21 10  1.120  0.329 1077.120
d#5  63  16  4939  622.254  616.783  2 21 11  1.160  0.468 1167.200
 e5  64  15  4403  659.255  658.209  2 21 12  1.693  0.432 1147.930
 f5  65  14  4313  698.456  689.062  2 21 13  2.547  0.978 1190.410
