 c1  12 307  4561   32.703   32.570  1 16  1  3.893  1.804  534.396
c#1  13 289  6302   34.648   34.493  1 16  2  2.733  0.895  447.768
 d1  14 273 10515   36.708   36.628  1 16  3  3.760  1.485  421.815
d#1  15 258  5348   38.891   38.701  1 16  4  2.853  1.453  556.415
 e1  16 243  8225   41.203   41.100  1 16  5  3.720  1.760  459.687
 f1  17 229  6178   43.654   43.534  1 16  6  3.653  1.420  476.395
f#1  18 216 10960   46.249   46.275  1 16  7  2.800  1.319  464.911
 g1  19 204  5658   48.999   48.946  1 16  8  2.427  1.449  583.773
g#1  20 192  9877   51.913   51.852  1 16  9  2.947  0.693  487.869
 a1  21 191 13379   55.000   52.344  1 16 11  2.467  1.464  373.210
a#1  22 171  7587   58.270   58.179  1 16 12  2.707  0.781  408.938
 b1  23 162  2520   61.735   61.549  1 16 13  2.653  1.093  605.149
 c2  24 153  4238   65.406   65.237  1 16 14  3.293  1.131  520.554
c#2  25 144  5191   69.296   69.122  1 16 15  3.000  1.508  497.710
 d2  26 136  7612   73.416   73.256  1 16 17  2.360  1.069  662.504
d#2  27 128  3476   77.782   77.915  1 16 18  2.427  1.183  892.107
 e2  28 121  2210   82.407   81.970  1 16 19  2.587  0.971 1114.990
 f2  29 114  4623   87.307   87.413  1 16 20  2.693  1.575  623.932
f#2  30 108  4239   92.499   92.356  1 16 21  2.733  1.676  659.073
 g2  31 102  3914   97.999   97.566  1 16 23  3.000  1.449  934.216
g#2  32  96  8550  103.826  103.521  1 16 24  3.307  1.974  483.989
 a2  33  90 12931  110.000  110.250  1 16 25  2.840  1.591  367.899
a#2  34  85  5598  116.541  116.359  1 16 26  2.587  1.467  587.948
 b2  35  81  6831  123.471  123.013  1 16 27  2.973  1.486  406.452
 c3  36  76  2373  130.813  130.667  1 16 28  2.560  1.043 1009.790
c#3  37  72  4043  138.591  138.462  1 16 29  2.747  1.591  676.556
 d3  38  70  2321  146.832  142.258  1 16 30  2.960  1.774  699.894
d#3  39  64  3203  155.563  154.737  1 16 31  3.013  1.421  900.300
 e3  40  60  3360  164.814  164.246  1 16 32  3.253  1.125  993.474
 f3  41  57  3719  174.614  174.653  1 16 33  2.760  1.543  722.483
f#3  42  54  4398  184.997  184.134  1 16 34  2.667  1.600  854.681
 g3  43  51  3672  195.998  195.565  1 16 35  2.867  1.334 1164.550
g#3  44  48  2782  207.652  208.019  1 16 36  2.853  1.324  978.023
 a3  45  45  4769  220.000  219.403  1 16 37  3.253  1.577  579.861
a#3  46  43  6141  233.082  232.105  1 16 38  3.067  1.276  622.274
 b3  47  40  2234  246.942  245.682  1 16 39  3.240  1.656 1412.830
 c4  48  38  2658  261.626  261.721  1 16 40  2.973  1.227 1073.810
c#4  49  36  3503  277.183  276.489  1 16 41  3.053  1.277 1142.420
