 c3  36  76  6050  130.813  130.667  1  6  1  2.427  1.170 1135.310
c#3  37  72  7155  138.591  138.245  1  6  2  2.213  0.999 1205.440
 d3  38  68  7702  146.832  145.305  1  6  3  2.160  0.974 1127.880
d#3  39  64  9957  155.563  153.927  1  6  4  2.493  1.048 1129.570
 e3  40  61  5938  164.814  163.333  1  6  5  2.667  1.465 1162.520
 f3  41  58  7094  174.614  169.942  1  6  6  2.707  1.415 1132.810
f#3  42  54  6497  184.997  184.519  1  6  7  2.453  0.514 1157.210
 g3  43  50  6214  195.998  196.437  1  6  9  1.640  0.564 1609.170
g#3  44  48  9195  207.652  205.594  1  6 10  2.547  0.857 1711.680
 a3  45  45 11549  220.000  218.317  1  6 11  2.853  1.316 1305.140
a#3  46  43 15064  233.082  232.105  1  6 12  2.547  0.635 1113.250
 b3  47  41  7831  246.942  243.646  1  6 13  3.120  1.883 1320.490
 c4  48  38  8531  261.626  258.651  1  6 14  3.080  0.902 1301.890
c#4  49  36  6263  277.183  274.766  1  6 15  2.853  0.868 1619.830
 d4  50  34 10821  293.665  293.023  1  6 17  2.960  1.110 1780.100
d#4  51  32 10586  311.127  306.250  1  6 18  2.493  1.307 1887.000
 e4  52  30  7162  329.628  327.881  1  6 19  2.640  0.651 1879.330
 f4  53  28  9001  349.228  351.394  1  6 20  3.013  2.294 1624.460
f#4  54  26  7675  369.994  372.152  1  6 21  2.600  1.668 1572.310
 g4  55  25  6129  391.995  388.546  1  6 22  3.120  0.637 1857.220
g#4  56  23  6522  415.305  422.010  1  6 23  3.747  0.762 1802.330
 a4  57  22  5433  440.000  436.634  1  6 25  3.253  0.718 2158.900
a#4  58  21  8241  466.164  466.667  1  6 26  4.173  0.670 1801.030
 b4  59  20  7498  493.883  487.293  1  6 27  3.427  1.464 1852.630
 c5  60  19  6561  523.251  525.000  1  6 28  3.920  0.884 2244.550
c#5  61  18  3873  554.365  554.717  1  6 29  3.987  0.823 2701.930
 d5  62  17  3815  587.330  584.106  1  6 30  4.520  2.891 2442.860
d#5  63  16  5801  622.254  616.783  1  6 31  1.293  0.650 2437.150
 e5  64  15  5079  659.255  663.158  1  6 32  3.733  1.022 2336.740
 f5  65  14  3019  698.456  705.600  1  6 33  4.280  1.064 2736.960
f#5  66  13  5275  739.989  728.926  1  6 34  4.187  1.361 2703.020
 g5  67  12  9526  783.991  787.500  1  6 35  3.347  0.714 2544.140
g#5  68  12  3256  830.609  832.075  1  6 36  4.387  1.304 2736.090
 a5  69  11  1686  880.000  882.000  1  6 37  4.093  3.049 3114.440
a#5  70  10  3827  932.328  948.387  1  6 38  3.427  2.383 2575.480
 b5  71  10  2994  987.767  980.000  1  6 39  1.560  1.049 3097.010
 c6  72   9  4242 1046.500 1050.000  1  6 40  4.600  1.452 2920.780
c#6  73   9  2180 1108.730 1102.500  1  6 41  4.280  1.130 2725.920
 d6  74   8  2549 1174.660 1176.000  1  6 42  4.427  1.184 2385.040
